0 0 0 0 0
0 0 0 0 0
0 0 0 0 0
0 0 0 0 0
-4.02769 -1.01239 0.000959531 0.000436016 0
-4.77142 -0.933745 0.0287036 -1.59006 0
-5.3062 -0.879548 -0.03096 -0.00560257 0
-5.14208 -0.882444 0.0104158 0.335673 0
-5.02128 -0.891745 0.000317895 0.0775603 0
-5.05838 -0.891424 -0.00746598 -0.101986 0
-5.0756 -0.891297 -0.00631797 -0.0459361 0
-5.0756 -0.891297 -0.00631797 -0.0459361 0
-5.08778 -0.891314 0.00917589 -4.59645e-05 0
-5.0912 -0.891307 -0.0150252 4.54981e-05 0
-5.08805 -0.891306 0.0175214 -0.000368597 0
-5.09321 -0.891284 -0.0291637 -4.46882e-05 0
-5.08655 -0.891277 0.035784 0.000127507 0
-5.09654 -0.891204 -0.0566927 -0.00118068 0
-5.08284 -0.891138 0.0753743 -0.000181061 0
-5.09278 -0.891489 -0.0112722 -0.0331381 0
-5.09067 -0.891513 -0.000988291 0.000404346 0
-5.0921 -0.891507 -0.00701882 -0.00274832 0
-5.09154 -0.891509 0.000685002 -0.000365906 0
-5.09283 -0.891504 -0.0100426 0.000308388 0
-5.09156 -0.891509 0.00329477 -0.000386945 0
-5.09326 -0.891503 -0.0107426 -0.00388457 0
-5.09275 -0.891506 -0.00287975 0.00165554 0
-5.09351 -0.891503 -0.00588083 -0.00103634 0
-5.09351 -0.891503 -0.00626113 0.000918781 0
-5.09356 -0.891503 -0.00341186 -0.00047782 0
-5.09461 -0.891498 -0.00807959 -0.00159701 0
-5.09396 -0.891502 -0.00506119 0.00106612 0
-5.09435 -0.8915 -0.00816648 -0.0011581 0
-5.0944 -0.891499 -0.00869417 -0.0002091 0
-5.09464 -0.891498 -0.00450145 -0.000103779 0
-5.09571 -0.891489 -0.0117621 0.000389465 0
-5.0948 -0.891496 -0.00160764 0.000639704 0
-5.09667 -0.89148 -0.0167172 0.000245926 0
-5.09591 -0.89149 -0.00877598 0.00269271 0
-5.09591 -0.89149 -0.00877598 0.0027598 0
-5.09615 -0.891488 -0.00724459 -0.000799655 0
-5.09681 -0.891482 -0.0108445 -0.00143961 0
-5.09659 -0.891484 -0.00712406 8.76316e-05 0
-5.09709 -0.891479 -0.0125953 -0.000931691 0
-5.09665 -0.891483 -0.00653848 0.000374405 0
-5.09768 -0.891472 -0.0154852 6.72288e-05 0
-5.09722 -0.891477 -0.00280308 0.000519849 0
-5.0994 -0.891452 -0.0220201 -2.76791e-05 0
-5.09722 -0.891475 0.0016851 0.00399613 0
-5.10033 -0.891445 -0.0237953 6.75424e-05 0
-5.09767 -0.891475 0.00268785 0.00507798 0
-5.09751 -0.891474 0.00457173 0.00115242 0
-5.10158 -0.891415 -0.037421 0.000471741 0
-5.09603 -0.891465 0.0233696 0.000415517 0
-5.10486 -0.891315 -0.0632018 -0.000156454 0
-5.09301 -0.891406 0.0564602 2.69018e-05 0
-5.11002 -0.891044 -0.11 -0.00125839 0
-5.08699 -0.891112 0.111786 0.038857 0
-5.11752 -0.890522 -0.17084 -0.0515295 0
-5.0793 -0.890754 0.194085 0.000637968 0
-5.12919 -0.888713 -0.309715 0.000659528 0
-5.03549 -0.867179 0.389049 0.000286556 0
-5.15562 -0.855739 -0.53364 -0.203544 0
-4.97725 -0.850794 0.506867 0.219136 0
-5.08812 -0.878808 -0.644003 0.000428208 0
-4.97118 -0.873875 0.856083 0.0053267 0
-5.13618 -0.876546 -0.807702 -0.336691 0
-5.02484 -0.919003 0.54296 0.224881 0
-5.18156 -0.916974 -0.482993 -0.20919 0
-5.03138 -0.918114 0.416678 0.195996 0
-5.15501 -0.921073 -0.48583 -0.18647 0
-5.08633 -0.922478 0.579411 0.00798299 0
-5.18281 -0.912538 -0.600145 -0.13372 0
-5.18281 -0.912538 -0.600145 -0.134544 0
-5.10185 -0.908477 0.790822 0.213189 0
-5.18658 -0.905032 -1.16815 -0.00293304 0
-5.14145 -0.887149 1.6261 -5.45013e-05 0
-5.20606 -0.84782 -1.80906 -0.249842 0
-5.21009 -0.921457 -1.53854 0.259743 0
-5.21009 -0.921457 -1.53854 0.260585 0
-5.19223 -0.85222 2.36278 0.201253 0
-5.22211 -0.865417 -1.2911 -0.297047 0
-5.26566 -0.977016 -0.617389 0.315015 0
-5.15192 -0.950612 0.679993 0.255319 0
-5.10693 -0.910068 -0.625882 -0.000332599 0
-5.0068 -0.924539 0.153964 0.119026 0
-5.0068 -0.924539 0.153964 0.119538 0
-5.08359 -0.929621 -0.00306926 -0.182553 0
-5.08359 -0.929621 -0.00306926 -0.182386 0
-5.11202 -0.898565 -0.0738463 -0.000464659 0
0 0 0 0.0186634 0
0 0 0 0 0
0 0 0 0 0
0 0 0 0 0
0 0 0 0 0
-4.02769 -1.01239 0.000890196 0.000283534 0
-4.02779 -1.01239 0.00040535 -0.000855899 0
-4.02806 -1.01239 0.000258736 -0.000585344 0
-4.02831 -1.01239 -0.00035219 -0.000118338 0
-3.99757 -1.01243 -0.003557 0.150127 0
-3.87401 -1.01389 -0.016354 0.428869 0
-3.87401 -1.01389 -0.016354 0.429184 0
-3.60695 -0.914591 0.0326775 0.00862069 0
-3.39575 -0.881395 0.0024617 -0.00267717 0
-3.14694 -0.912959 -0.0644095 0.00247748 0
-2.81923 -0.950981 -0.127275 0.000164096 0
-2.59033 -0.952294 -0.207528 0.467394 0
-2.38107 -1.05085 -0.310953 -0.000246048 0
-2.01933 -1.19303 -0.331967 -0.000203417 0
-1.79383 -1.28402 -0.268303 0.00180333 0
-1.41288 -1.35651 -0.183811 0.00032733 0
-1.01868 -1.40702 -0.0155296 -0.00164997 0
-0.697696 -1.38972 0.11055 0.000280623 0
-0.393795 -1.34011 0.112229 0.0120976 0
0.0470746 -1.3206 0.136965 4.49485e-05 0
0.408011 -1.27073 0.176347 -0.00017696 0
0.782081 -1.20746 0.183105 -0.000380104 0
1.14459 -1.14252 0.184302 0.000358791 0
1.51916 -1.07391 0.178352 0.00198676 0
1.89731 -1.00967 0.163288 0.0197254 0
2.13131 -0.968563 0.172949 0.600991 0
2.13131 -0.968563 0.172949 0.600877 0
2.50175 -0.90607 0.157636 0.599349 0
2.84508 -0.846152 0.170289 0.0114707 0
3.18829 -0.787226 0.15602 0.612623 0
3.53693 -0.723446 0.159109 0.624139 0
3.86766 -0.662799 0.167654 0.622132 0
0 0 0 0.426018 0
0 0 0 0 0
0 0 0 0 0
0 0 0 0 0
0 0 0 0 0
-4.02791 -1.01239 0.00102327 -0.00105816 0
-4.02853 -1.01239 0.00107556 -0.000403876 0
-4.02284 -1.01241 -0.0086371 0.0228081 0
-3.97708 -1.01341 -0.0217078 0.193345 0
-3.82341 -0.94559 -0.00630386 0.314791 0
-3.53102 -0.938506 -0.0217749 0.382974 0
-3.37888 -0.932067 -0.0331831 0.563339 0
-2.98399 -0.96383 -0.100624 0.627401 0
-2.69998 -1.00978 -0.148542 0.750407 0
-2.18187 -1.08494 -0.165942 0.779386 0
-1.76004 -1.15293 -0.128054 0.64044 0
-1.23198 -1.20614 -0.0584865 0.568769 0
-0.818548 -1.23248 -0.0138163 0.489516 0
-0.505265 -1.24 0.0675519 0.690096 0
-0.0999162 -1.18394 0.189951 0.77951 0
0.330314 -1.0778 0.253041 0.727106 0
0.531292 -1.03134 0.241981 0.0215855 0
0.930646 -0.963661 0.20182 0.00445233 0
1.2757 -0.895248 0.195537 0.0206226 0
1.60486 -0.825522 0.217549 -0.00296344 0
1.84562 -0.78234 0.0841967 0.0189072 0
1.98961 -0.779983 -0.08976 9.99213e-06 0
2.2451 -0.792495 0.00179471 0.42004 0
2.49509 -0.779835 0.0643386 0.0172302 0
2.78652 -0.762972 0.0392476 0.457295 0
3.06065 -0.760274 -0.0139681 0.0184645 0
3.32523 -0.7728 -0.10037 0.0179765 0
3.64427 -0.823529 -0.206397 0.00942814 0
3.96301 -0.906913 -0.286653 0.564218 0
4.05881 -0.949796 -0.560528 0.00910959 0
5.34493 -12.9302 -2.84033 28.4826 0
0.614839 -4.12279 -0.404611 0.00177685 0
1.92185 3.7703 -1.13204 0.00146228 0
1.92314 3.76744 -1.13716 -0.000173741 0
1.9253 3.76277 -1.1359 -0.000304911 0
1.9257 3.76192 -1.136 0.00134664 0
2.00802 3.57608 -1.15487 0.000454527 0
0 0 0 0.00263754 0
0 0 0 0 0
0 0 0 0 0
0 0 0 0 0
0 0 0 0 0
-4.02768 -1.01239 0.00106169 5.7008e-05 0
-4.02768 -1.01239 0.000805184 -0.000180956 0
-4.02768 -1.01239 0.00053807 0.000298005 0
-4.08635 -1.0119 -0.017343 -0.0978805 0
-4.09056 -1.01186 -0.00204066 -0.0149003 0
-4.09056 -1.01186 -0.00204066 -0.0149003 0
-4.0392 -1.01097 0.0394408 0.141332 0
-3.86223 -0.918175 0.133412 0.0100402 0
-3.67725 -0.900913 0.0418092 0.384985 0
-3.33679 -0.879888 -0.106124 0.564818 0
-2.95279 -0.940039 -0.269748 0.684551 0
-2.86903 -0.985349 -0.311808 0.768001 0
-2.27737 -1.20967 -0.226352 -0.00315583 0
-2.13583 -1.24197 -0.2177 0.559485 0
-2.13583 -1.24197 -0.2177 0.559042 0
-1.70266 -1.28497 -0.0659933 0.616437 0
-1.01066 -1.27586 0.238332 1.08206 0
-0.57332 -1.15172 0.301421 0.020217 0
-0.32173 -1.07949 0.242708 0.598858 0
-0.32173 -1.07949 0.242708 0.599571 0
0.0529731 -0.991223 0.22966 0.000255162 0
0.40456 -0.908026 0.304159 0.000519266 0
0.40084 -0.909192 0.303203 -0.201832 0
0.404975 -0.908978 0.176476 0.021002 0
0.513831 -0.875229 0.455677 5.03438e-05 0
0.718417 -0.76563 0.540561 0.00476427 0
0.919096 -0.659904 0.391133 0.00118144 0
1.17977 -0.590526 0.143294 0.428437 0
1.17977 -0.590526 0.143294 0.42904 0
1.49767 -0.61303 -0.274824 0.53303 0
1.80389 -0.771014 -0.556336 0.000139865 0
1.81495 -0.792773 -1.02543 0.00115004 0
1.79459 -0.796771 -1.02302 0.000352624 0
1.79459 -0.796772 -1.02317 6.40813e-05 0
1.79459 -0.796772 -1.02317 0.000628083 0
1.79459 -0.796772 -1.02322 0.000606737 0
1.79459 -0.796772 -1.02322 -0.00035592 0
1.79459 -0.796771 -1.02328 -0.000368254 0
1.79459 -0.796772 -1.02358 0.000434101 0
1.79459 -0.796772 -1.02403 0.000341491 0
1.98148 -1.02487 -0.776042 -0.000435528 0
2.65762 -1.45097 -0.081216 1.52595 0
3.34808 -1.34238 0.2469 1.03801 0
3.82962 -1.21893 0.0819073 0.00879803 0
3.81395 -1.21519 0.0687344 0.002631 0
4.25256 -1.176 0.0358287 0.708619 0
4.58855 -1.14437 0.105766 0.00819208 0
4.67024 -1.13552 0.116539 0.498601 0
4.67024 -1.13552 0.116539 0.499374 0
4.87461 -1.06849 0.25933 -0.000223995 0
5.24472 -0.945338 0.421845 0.0137801 0
5.24859 -0.946392 0.421058 -0.00320895 0
5.81125 -0.665267 0.589208 1.46327 0
5.81125 -0.665267 0.589208 1.46329 0
6.26755 -0.275343 0.682406 0.0237825 0
6.47483 -0.0923099 0.738428 0.773799 0
6.47483 -0.0923099 0.738428 0.773296 0
0 0 0 0.704147 0
0 0 0 0 0
0 0 0 0 0
0 0 0 0 0
0 0 0 0 0
0 0 0 0 0
-4.02768 -1.01239 0.000980131 5.59952e-05 0
-4.02768 -1.01239 0.000703706 0.000358272 0
-4.02768 -1.01239 0.000680351 -0.000376614 0
-4.02768 -1.01239 0.000418701 0.000366169 0
-4.02768 -1.01239 0.000134862 -0.000181863 0
-4.02768 -1.01239 -0.000208835 -0.000366048 0
-4.02768 -1.01239 -0.000527867 -0.000182474 0
-4.02768 -1.01239 -0.000788313 -0.000363966 0
-4.13578 -1.01012 -0.0439502 -0.00092135 0
-4.07753 -0.930784 0.0305557 9.54573e-05 0
-3.88889 -0.930119 -0.0289412 0.314746 0
-3.67983 -0.887883 -0.0697933 0.425014 0
-3.27722 -0.937742 -0.18377 0.0187568 0
-2.90823 -1.01201 -0.23282 0.0194596 0
-2.39036 -1.13725 -0.141196 0.721345 0
-2.26489 -1.15457 -0.129929 0.538069 0
-2.26489 -1.15457 -0.129929 0.537999 0
-1.96482 -1.21357 0.0381481 0.477238 0
-1.79174 -1.21087 0.0585939 0.000128891 0
-1.52145 -1.18444 0.157814 0.000500535 0
-0.970689 -1.10818 0.150094 -0.000530114 0
-0.476837 -1.10839 -0.241114 0.000143255 0
-0.0559898 -1.24338 -0.329909 0.000488421 0
0.357909 -1.36763 -0.214148 -0.000185103 0
0.626605 -1.41744 -0.0983809 0.0172781 0
0.972502 -1.41745 0.162587 0.000324406 0
1.36022 -1.35026 0.187548 0.657802 0
1.69502 -1.30674 0.103726 0.568991 0
2.03974 -1.29383 -0.0283979 0.00026447 0
2.47016 -1.31919 -0.0927976 0.742295 0
3.1675 -1.35239 0.0485489 0.00858919 0
3.56579 -1.32589 0.025418 0.738663 0
3.95249 -1.33151 -0.0252177 0.015854 0
4.32982 -1.32187 0.144223 0.00029954 0
4.74697 -1.22102 0.403248 -0.00031372 0
5.0812 -1.06956 0.522489 0.00167295 0
0 0 0 8.47914 0
0 0 0 0 0
0 0 0 0 0
0 0 0 0 0
0 0 0 0 0
0 0 0 0 0
0 0 0 0 0
0 0 0 0 0
0 0 0 0 0
0 0 0 0 0
0 0 0 0 0
0 0 0 0 0
0 0 0 0 0
0 0 0 0 0
0 0 0 0 0
0 0 0 0 0
0 0 0 0 0
0 0 0 0 0
0 0 0 0 0
0 0 0 0 0
-4.02769 -1.01239 0.00106931 0.000357348 0
-4.02769 -1.01239 0.000829413 -0.000204019 0
-4.02769 -1.01239 0.000552912 -0.000359898 0
-4.02769 -1.01239 0.000249612 7.27589e-05 0
-3.99208 -0.946862 -0.678697 -0.000239702 0
-3.98886 -0.904414 1.45781 -0.0435865 0
-3.95879 -0.879224 0.957999 -0.00260052 0
-3.89166 -0.872854 1.37313 -0.0121038 0
-3.90563 -0.873687 -2.12629 -0.0174296 0
-3.90563 -0.873687 -2.12629 -0.0206415 0
-3.91791 -0.922053 -3.08116 0.000438677 0
-3.59075 -0.949118 2.88585 0.000963959 0
-3.0582 -1.09653 2.9533 -0.0151133 0
-2.17651 -1.23326 3.05214 -0.00461153 0
-1.24703 -1.29735 3.1277 0.0009592 0
-0.622794 -1.22096 -2.98725 0.000370474 0
-0.622795 -1.22096 -2.9875 0.000479034 0
-0.622795 -1.22096 -2.98782 -0.000366594 0
-0.622795 -1.22096 -2.98802 -0.000210974 0
0 0 0 5.96719e-05 0
0 0 0 0 0
0 0 0 0 0
0 0 0 0 0
0 0 0 0 0
-4.02769 -1.01239 0.00101829 0.000763509 0
-4.02769 -1.01239 0.000785722 0.000459955 0
-4.02769 -1.01239 0.000523053 4.95327e-05 0
-4.02769 -1.01239 0.000251363 0.000291458 0
-4.04279 -1.01078 -0.227065 -0.0425048 0
-4.16704 -0.932864 -0.217536 -0.246443 0
-4.44175 -0.852972 -0.080785 -0.537704 0
-4.85813 -0.751326 -0.0546098 -0.563215 0
-4.90993 -0.764504 2.30283 -0.0368834 0
-4.95781 -0.790022 0.783208 -0.108067 0
-4.5378 -0.780905 0.727128 -0.140387 0
-4.89136 -0.44972 1.88513 0.954187 0
-4.7493 -0.0883483 0.749969 0.89588 0
-4.63522 -0.0292239 0.325345 0.897504 0
-4.2844 -0.342337 -1.89528 0.0113891 0
-4.2573 -1.09245 -0.736026 0.000531692 0
0 0 0 2.43128 0
0 0 0 0 0
0 0 0 0 0
0 0 0 0 0
0 0 0 0 0
0 0 0 0 0
-4.02769 -1.01239 0.000953466 -0.000178698 0
0 0 0 0 0
0 0 0 0 0
0 0 0 0 0
0 0 0 0 0
-4.02769 -1.01239 0.00105373 -0.000360857 0
-4.02769 -1.01239 0.000748049 8.37401e-05 0
-4.02769 -1.01239 0.000432404 -0.000376307 0
-4.02769 -1.01239 0.000169068 0.000312803 0
-4.02769 -1.01239 0.000169068 0.000363549 0
-4.00672 -0.809108 2.32472 0.00353764 0
-4.16641 -0.606824 2.40849 0.597432 0
-4.16641 -0.606824 2.40849 0.597738 0
-4.32861 -0.499537 2.47678 0.287098 0
-4.18778 -0.61753 2.54748 -0.363163 0
-3.66778 -0.911385 2.75277 -0.0150506 0
-2.81393 -1.28345 2.81067 -0.01654 0
-1.7038 -1.65636 2.86384 -1.8999 0
-1.10672 -1.76958 -3.12968 -0.00554031 0
-1.06759 -1.79951 0.0749169 -0.00344199 0
-1.50286 -1.80483 -3.1146 0.161177 0
-1.56565 -1.9987 -1.08375 -0.153981 0
-0.653832 -1.07856 -1.73369 -0.471049 0
-1.63616 -1.85912 2.9023 -0.0033121 0
-1.21134 -1.52261 -2.48172 -0.804112 0
-0.452619 0.167407 -1.61181 -1.58409 0
-0.0660422 -0.057176 -2.64506 -1.10112 0
0 0 0 0.0810659 0
0 0 0 0 0
0 0 0 0 0
0 0 0 0 0
0 0 0 0 0
-4.02769 -1.01239 0.000916232 -0.000178497 0
-4.02769 -1.01239 0.000599285 -0.000183942 0
-4.02769 -1.01239 0.000313759 0.000458689 0
-4.0041 -0.968907 2.36705 0.00856654 0
-4.00253 -0.770764 2.5335 0.0832669 0
-4.04711 -0.778991 -2.5824 0.00011685 0
-3.87382 -0.840904 0.669457 9.52864e-06 0
-3.78497 -0.866984 -1.69309 -0.00100798 0
-3.70324 -0.963955 0.294462 0.00456797 0
-3.28506 -0.890443 -0.0891516 -0.000138109 0
-2.49071 -1.01416 -0.205982 0.0168975 0
-1.18179 -1.37295 -0.273668 0.0110796 0
0.335414 -2.00503 -0.425281 0.018712 0
1.59778 -2.70325 -0.512155 0.0110492 0
1.93171 -2.87562 -0.456075 1.02244 0
1.93171 -2.87562 -0.456075 1.02244 0
0 0 0 -0.00737019 0
0 0 0 0 0
0 0 0 0 0
0 0 0 0 0
-4.02769 -1.01239 0.00111209 -0.000361585 0
-4.02769 -1.01239 0.000868614 6.31486e-05 0
-4.02769 -1.01239 0.00059685 -0.000362229 0
-4.02769 -1.01239 0.000276247 -0.000357946 0
-4.03535 -0.874964 1.75696 0.000112713 0
-3.92494 -0.882595 -2.76395 0.0466233 0
-3.83874 -0.860137 0.706957 -0.00260596 0
-3.83874 -0.860137 0.706957 -0.00261691 0
-3.86264 -0.889176 2.2776 -0.0187261 0
-3.73468 -0.810603 2.02189 0.109831 0
-3.84974 -0.684291 2.81575 0.375417 0
-3.85897 -0.681297 2.83689 0.375245 0
-4.47317 -0.54652 2.87682 1.0141 0
-5.66826 -0.10982 2.77884 2.36203 0
-8.23659 1.25884 2.61904 4.91232 0
-9.84716 5.23202 -0.820379 9.91983 0
-9.91601 4.3446 1.66079 0.00240314 0
-9.08951 4.57279 0.309825 0.0112776 0
-8.08037 3.34641 1.75298 13.1861 0
-9.42334 5.14611 1.02905 16.0581 0
-8.87651 -2.12543 -2.21515 24.3188 0
-5.10135 -5.97531 -2.31582 4.56751e-06 0
0 0 0 45.2699 0
0 0 0 0 0
0 0 0 0 0
0 0 0 0 0
0 0 0 0 0
-4.02769 -1.01239 0.00117838 0.00036659 0
-4.02769 -1.01239 0.00112561 -0.000256651 0
-4.02769 -1.01239 0.00106066 -0.000250396 0
-4.02769 -1.01239 0.00106066 -0.000250396 0
-4.02769 -1.01239 0.000769859 -0.000120277 0
-4.02769 -1.01239 0.000501725 8.81425e-05 0
-4.74337 -0.903235 0.123829 -1.26673 0
-6.21654 -1.03246 0.127871 -2.47103 0
-6.09535 -1.01107 -0.59545 0.160263 0
-3.41304 -2.93441 -0.930144 0.0150158 0
-0.830021 -5.04757 -0.479524 0.0109286 0
0 0 0 -5.18127 0
0 0 0 0 0
0 0 0 0 0
0 0 0 0 0
0 0 0 0 0
-4.02769 -1.01239 0.00101751 -0.000116526 0
-4.02769 -1.01239 0.000763957 7.90476e-05 0
-4.02769 -1.01239 0.000494255 0.000618334 0
-4.02769 -1.01239 0.000235559 -0.000255126 0
-3.14385 -0.876184 0.0514851 1.46338 0
-0.0681371 -0.818472 -0.228198 0.0151802 0
2.80456 -4.50804 -3.12492 0.000155597 0
0 0 0 13.4432 0
0 0 0 0 0
0 0 0 0 0
0 0 0 0 0
-4.02769 -1.01239 0.00115418 -0.000366532 0
-4.02769 -1.01239 0.000900122 0.000116992 0
-4.02769 -1.01239 0.000605362 -0.00036611 0
-4.02769 -1.01239 0.000299836 0.000433003 0
-4.02769 -1.01239 -2.43934e-05 -0.000183157 0
-4.02769 -1.01239 -0.000331563 -0.000351681 0
-4.02769 -1.01239 -0.00062327 -0.000357957 0
-4.02769 -1.01239 -0.000938026 -0.000182638 0
-4.02769 -1.01239 -0.00120172 -0.000182908 0
-4.02769 -1.01239 -0.00151137 -0.000239496 0
-4.02769 -1.01239 -0.00182517 -0.000355283 0
-4.02769 -1.01239 -0.00213719 0.000434056 0
-4.02769 -1.01239 -0.00241913 0.000558819 0
-4.02769 -1.01239 -0.00276499 0.000366169 0
-4.02769 -1.01239 -0.00308414 -0.000366099 0
-4.02769 -1.01239 -0.0033464 6.87745e-05 0
-4.02769 -1.01239 -0.00368273 -0.000363259 0
-4.02769 -1.01239 -0.003988 -0.000361684 0
-4.02769 -1.01239 -0.00430404 -0.000359952 0
-2.9125 -0.908479 0.00170803 0.017854 0
0.91388 -1.33803 -0.524558 0.00893912 0
-4.04742 -3.50139 3.03835 0.0111983 0
-15.0383 -0.501483 3.04507 26.3912 0
0 0 0 0 0
0 0 0 0 0
0 0 0 0 0
0 0 0 0 0
-4.02769 -1.01239 0.00104837 0.000634072 0
-4.02769 -1.01239 0.000767373 -0.000360263 0
-4.02769 -1.01239 0.000397908 -0.000239416 0
-4.02769 -1.01239 0.000138379 -0.000182462 0
-4.02769 -1.01239 -0.000156136 0.000419119 0
-4.02769 -1.01239 -0.000215847 0.000663713 0
-4.02769 -1.01239 -0.000215847 0.000362689 0
-4.02769 -1.01239 -0.000494781 -0.000361909 0
-4.02769 -1.01239 -0.000841395 -0.000366857 0
-4.02769 -1.01239 -0.00112264 -0.000178698 0
-3.7702 -0.981811 -0.105266 0.45781 0
-3.77005 -0.981827 -0.107258 0.0103389 0
-3.34914 -1.0086 -0.0327643 -1.67604e-05 0
-2.61524 -1.03678 -0.0986847 0.00878859 0
-1.64157 -1.19424 -0.148978 1.52743 0
-1.69989 -1.17906 2.12609 0.0168718 0
-1.02524 -2.0801 2.24893 -0.0156807 0
-0.249684 -2.76834 2.46766 0.0021357 0
0.0738571 -2.81659 -2.73223 0.00106887 0
0.0752824 -2.79958 1.96502 -0.0056231 0
0.0867644 -2.65966 0.533404 -0.000201776 0
0.637934 -2.25465 0.815976 0.0269637 0
0.637934 -2.25465 0.815976 0.0105754 0
1.40379 -1.08858 1.02429 2.21194 0
1.45602 -0.97117 1.27607 -9.0995e-05 0
0.910494 -2.54862 1.27123 -0.00743823 0
0.729208 -3.82171 1.48001 -0.0124114 0
0 0 0 -0.561369 0
0 0 0 0 0
0 0 0 0 0
0 0 0 0 0
-4.02769 -1.01239 0.00108123 -0.000232685 0
-4.02769 -1.01239 0.000840723 -0.000222937 0
-4.02769 -1.01239 0.000520887 0.000454535 0
-4.02769 -1.01239 0.000276796 -0.000181918 0
-4.02769 -1.01239 2.03984e-05 -0.00018406 0
-4.02769 -1.01239 -0.000241424 4.66259e-05 0
-4.02769 -1.01239 -0.000518271 -0.000186027 0
-4.02769 -1.01239 -0.000798252 -0.000182919 0
-4.02769 -1.01239 -0.00108211 -0.00035747 0
-4.02769 -1.01239 -0.00109283 -0.00018321 0
-4.02769 -1.01239 -0.0012258 -0.00036387 0
-4.02769 -1.01239 -0.0012258 2.24469e-05 0
-4.02769 -1.01239 -0.00151549 4.26761e-05 0
-4.02769 -1.01239 -0.00187524 -0.000359657 0
-4.02769 -1.01239 -0.00221693 -0.000199147 0
-4.02769 -1.01239 -0.00250421 -0.000178963 0
-4.02769 -1.01239 -0.00276939 7.09919e-05 0
-4.02769 -1.01239 -0.00301883 -0.000231044 0
-4.02769 -1.01239 -0.00335397 5.71864e-05 0
-4.02769 -1.01239 -0.00369932 6.30408e-05 0
-4.02769 -1.01239 -0.00399069 0.000245275 0
-4.02769 -1.01239 -0.00426378 -0.00035958 0
-4.02769 -1.01239 -0.00454459 0.000481382 0
-4.02769 -1.01239 -0.00468671 4.48451e-05 0
-4.02769 -1.01239 -0.00468671 8.65802e-05 0
-4.02769 -1.01239 -0.00504841 -0.000352644 0
-4.02769 -1.01239 -0.00535204 0.000656842 0
-4.02769 -1.01239 -0.00566331 0.000420972 0
-4.02769 -1.01239 -0.00594627 0.000283063 0
-4.02769 -1.01239 -0.00630166 7.20016e-05 0
-4.02769 -1.01239 -0.00664267 -0.000104886 0
-4.02769 -1.01239 -0.0069444 -0.00017811 0
-4.02769 -1.01239 -0.00721625 -0.000350529 0
-4.02769 -1.01239 -0.00751811 0.000329025 0
-4.02769 -1.01239 -0.00756407 -0.000365738 0
-4.02769 -1.01239 -0.00756407 6.77202e-05 0
-4.02769 -1.01239 -0.00756407 6.77202e-05 0
-4.02769 -1.01239 -0.00784233 4.991e-05 0
-4.02769 -1.01239 -0.00814679 0.000642493 0
-4.02769 -1.01239 -0.00843279 -0.000180991 0
-4.02769 -1.01239 -0.00874031 -0.000180793 0
-4.02769 -1.01239 -0.00903492 -0.000182206 0
-4.02769 -1.01239 -0.00931259 0.000605607 0
-4.02769 -1.01239 -0.00944877 0.000461649 0
-4.02769 -1.01239 -0.00974885 0.000312797 0
-4.02769 -1.01239 -0.0100288 -0.000187455 0
-4.02769 -1.01239 -0.0102989 0.000363901 0
-4.02769 -1.01239 -0.0104094 8.45017e-05 0
-4.02769 -1.01239 -0.0104094 2.02852e-05 0
-4.02769 -1.01239 -0.0105027 -0.000232734 0
-4.02769 -1.01239 -0.0108446 -0.000365713 0
-4.02769 -1.01239 -0.0111 5.70368e-05 0
-4.02769 -1.01239 -0.0114221 -0.000357431 0
-4.02769 -1.01239 -0.0116787 -0.000222872 0
-4.02769 -1.01239 -0.0118077 -0.000183295 0
-4.02769 -1.01239 -0.0118457 -0.000181572 0
-4.02769 -1.01239 -0.0121395 -0.000363836 0
-4.02769 -1.01239 -0.0123963 -0.000325656 0
-3.75959 -0.960922 -0.163712 0.00748515 0
-3.61278 -0.985288 -0.172411 1.22851 0
-3.61278 -0.985288 -0.172411 1.22851 0
-3.02602 -0.844013 0.631615 0.0108283 0
-3.19252 -1.06849 1.41592 0.000227244 0
-3.14019 -1.63266 2.0647 -0.0117607 0
-2.55019 -2.26771 2.49888 -0.0125387 0
-1.52196 -2.82841 2.77522 -0.0194617 0
-0.393995 -3.03716 -3.05537 -0.0134737 0
0.603833 -2.71611 -2.62676 -1.76298 0
0.245468 -3.19178 -1.31851 1.11857 0
0.342881 -3.23791 0.404373 0.271331 0
1.05447 -3.69078 2.68997 -0.0149537 0
1.97229 -3.96949 3.08106 0.00100149 0
2.26461 -3.80965 -1.71412 -0.584047 0
2.22263 -4.06367 -1.26467 1.2356 0
2.22263 -4.06367 -1.26467 1.23643 0
0 0 0 0 0
0 0 0 0 0
0 0 0 0 0
0 0 0 0 0
0 0 0 0 0
-4.02769 -1.01239 0.000976758 0.000358681 0
-4.02769 -1.01239 0.000702811 -0.000120277 0
-4.02769 -1.01239 0.000626516 -0.00035528 0
-4.02769 -1.01239 0.000363525 0.000280675 0
-4.02769 -1.01239 0.000103234 -0.000358546 0
-4.02769 -1.01239 -0.000158609 -0.000364535 0
-4.05221 -0.875859 1.46606 -0.00371943 0
-4.02804 -0.921477 2.04145 -0.214935 0
-3.97579 -0.942219 -1.96918 0.0514598 0
-3.97427 -1.02245 -1.72161 0.2247 0
-4.01557 -0.701163 -2.11178 -0.665467 0
-4.03391 -0.622938 0.0996174 0.0868406 0
-3.90801 0.00795873 -2.84956 2.19523 0
-3.90443 0.259454 0.255047 -0.521751 0
-4.38067 -1.13678 1.41559 -2.32361 0
-5.48481 2.43067 2.91427 6.88894 0
-5.6764 1.6719 1.91267 0.014049 0
-5.57595 2.02768 -0.0365238 -0.0142733 0
-4.71532 3.15426 -0.388263 -7.51851 0
0 0 0 8.84067 0
0 0 0 0 0
0 0 0 0 0
0 0 0 0 0
-4.02769 -1.01239 0.00103373 0.000429858 0
-4.02769 -1.01239 0.000789073 -0.000186085 0
-4.02769 -1.01239 0.000693292 -8.53097e-05 0
-4.02769 -1.01239 0.000693292 -0.000316903 0
-4.02769 -1.01239 0.000446803 -0.000186076 0
-4.02769 -1.01239 9.75974e-05 5.03576e-05 0
-4.02769 -1.01239 -0.000185752 7.27758e-05 0
-4.02769 -1.01239 -0.000516843 -0.000180608 0
-4.02769 -1.01239 -0.000769908 -0.000180935 0
-4.02769 -1.01239 -0.00103553 -0.000182492 0
-4.02769 -1.01239 -0.00130836 0.000411592 0
-4.02769 -1.01239 -0.00158779 3.70151e-05 0
-4.02769 -1.01239 -0.00188523 0.000624871 0
-4.02769 -1.01239 -0.00240611 0.000351444 0
-4.02769 -1.01239 -0.00273435 -0.000365687 0
-4.02769 -1.01239 -0.00290442 0.000542807 0
-4.02769 -1.01239 -0.00290442 5.52733e-05 0
-4.02769 -1.01239 -0.00313661 -0.000209724 0
-4.02769 -1.01239 -0.00344619 0.000244566 0
0 0 0 0 0
0 0 0 0 0
0 0 0 0 0
0 0 0 0 0
0 0 0 0 0
-4.02769 -1.01239 0.00108322 -0.000256651 0
-4.02769 -1.01239 0.000889137 -0.000249489 0
-4.02769 -1.01239 0.000625453 -0.00018462 0
-4.02769 -1.01239 0.000552449 -0.000366751 0
-4.02769 -1.01239 0.000259875 0.00024448 0
-4.02769 -1.01239 8.5517e-06 0.000327314 0
-4.02769 -1.01239 -0.000234306 7.19997e-05 0
-4.02769 -1.01239 -0.000435669 5.46161e-05 0
-4.02769 -1.01239 -0.000700418 0.000246135 0
-4.02769 -1.01239 -0.000844088 0.000364443 0
-4.02769 -1.01239 -0.00117741 -0.000183989 0
-4.02769 -1.01239 -0.00143524 6.89116e-05 0
-4.02769 -1.01239 -0.00169161 4.65788e-05 0
-4.02769 -1.01239 -0.00191964 0.000643027 0
-4.02769 -1.01239 -0.00219482 8.45009e-05 0
-4.02769 -1.01239 -0.00250196 0.000664602 0
-4.02769 -1.01239 -0.0027662 -0.00036485 0
-4.02769 -1.01239 -0.00304329 -0.000182464 0
-4.02769 -1.01239 -0.00331335 0.000662286 0
-4.02769 -1.01239 -0.00358646 6.32279e-05 0
-4.02769 -1.01239 -0.00378946 0.00032693 0
-4.02769 -1.01239 -0.00383662 -0.000239971 0
0 0 0 1.62577e-05 0
0 0 0 0 0
0 0 0 0 0
0 0 0 0 0
0 0 0 0 0
-4.02769 -1.01239 0.000932051 7.35302e-05 0
-4.02769 -1.01239 0.00066726 0.000680822 0
-4.02769 -1.01239 0.000405912 -0.000362226 0
0 0 0 0.000295904 0
0 0 0 0 0
0 0 0 0 0
0 0 0 0 0
0 0 0 0 0
0 0 0 0 0
0 0 0 0 0
0 0 0 0 0
0 0 0 0 0
-4.02769 -1.01239 0.00096546 -0.000188396 0
-4.02769 -1.01239 0.000800972 -0.000180994 0
-4.02769 -1.01239 0.000489479 -0.00035995 0
0 0 0 0.000366948 0
0 0 0 0 0
0 0 0 0 0
0 0 0 0 0
0 0 0 0 0
0 0 0 0 0
0 0 0 0 0
0 0 0 0 0
0 0 0 0 0
0 0 0 0 0
0 0 0 0 0
0 0 0 0 0
0 0 0 0 0
0 0 0 0 0
0 0 0 0 0
0 0 0 0 0
0 0 0 0 0
0 0 0 0 0
0 0 0 0 0
0 0 0 0 0
0 0 0 0 0
0 0 0 0 0
0 0 0 0 0
0 0 0 0 0
0 0 0 0 0
0 0 0 0 0
-4.02769 -1.01239 0.00100862 4.36346e-05 0
-4.02769 -1.01239 0.000752878 -0.000193406 0
-4.02769 -1.01239 0.000752878 -0.000354122 0
-4.02769 -1.01239 0.000478514 -5.89843e-05 0
-4.02768 -1.01239 0.000147065 0.000364187 0
0 0 0 -0.00018833 0
0 0 0 0 0
0 0 0 0 0
0 0 0 0 0
0 0 0 0 0
0 0 0 0 0
-4.34258 -1.0371 0.381528 -1.48289 0
-4.1619 -0.774711 -0.997212 -1.63437 0
-4.66083 -1.31911 -2.13811 4.66712 0
-4.8741 -1.55441 -2.41307 4.66722 0
-5.02683 -1.44515 2.0126 -0.000690988 0
-5.53351 -1.23587 -1.34607 -8.63288 0
-5.1086 -1.66694 0.81916 11.0261 0
-5.30993 -1.37982 -0.123796 11.461 0
-4.14206 -1.12743 -0.413803 -6.68806 0
-6.55805 -0.926402 -2.60502 0.00143223 0
-3.05309 5.33544 2.05306 -0.000368369 0
-11.6215 11.6995 -1.21633 -39.0462 0
5.01425 5.42648 0.533305 70.9361 0
-7.30581 -11.7265 2.34203 3.28683 0
0 0 0 0 0
0 0 0 0 0
0 0 0 0 0
0 0 0 0 0
0 0 0 0 0
-4.06548 -0.907353 -1.16415 -0.743926 0
-4.04427 -0.834091 -2.37557 -0.000154197 0
-4.04427 -0.834091 -2.37584 -0.000360073 0
-4.04427 -0.834091 -2.3761 -6.55879e-05 0
-4.04427 -0.834092 -2.37642 0.000311532 0
-3.04853 0.116582 -2.45228 -2.88716 0
-2.74554 0.311294 -2.76978 0.000185488 0
-2.74554 0.311294 -2.77009 0.00060821 0
-2.74554 0.311294 -2.77039 0.000654509 0
-2.48207 0.121578 0.588054 -1.2525 0
-2.54825 0.331486 -1.06076 0.00347064 0
-2.32156 0.481165 0.929987 8.6961e-05 0
-2.32156 0.481165 0.9295 -0.000310761 0
-2.32156 0.481164 0.929195 -0.000265657 0
-2.32156 0.481165 0.928832 -0.000187601 0
-2.32156 0.481164 0.928501 -0.000183368 0
-2.32156 0.481165 0.928173 -0.0001789 0
-2.32156 0.481165 0.927863 0.000366524 0
-2.32156 0.481165 0.927553 -0.000353166 0
-2.32156 0.481164 0.92729 -0.000361838 0
-2.78582 -0.79598 1.35244 -4.02737 0
-1.81748 -1.00466 3.0295 0.000659241 0
0.437928 -2.0715 1.40487 -0.00173058 0
-1.62104 -4.29651 1.24321 0.00151703 0
-1.30639 -4.43882 -0.928803 -0.00246569 0
-9.73122 -2.40728 -0.481795 -21.8903 0
-7.26783 4.77884 -1.5052 -0.00755403 0
-6.81724 3.45621 -1.04432 -0.000185997 0
0 0 0 0 0
0 0 0 0 0
0 0 0 0 0
0 0 0 0 0
0 0 0 0 0
0 0 0 0 0
0 0 0 0 0
-4.02769 -1.01239 0.00104076 -0.000365541 0
-4.02769 -1.01239 0.000950117 -0.000352582 0
-4.02769 -1.01239 0.000950117 -0.000209258 0
-4.01066 -1.01243 -0.0107646 0.248436 0
-3.91628 -1.01993 -0.151874 0.220191 0
-3.92435 -0.964134 -0.169263 -0.0411953 0
-3.93196 -0.962789 -0.180425 -0.0421929 0
-4.0146 -0.946719 -0.203414 -0.173184 0
-4.03008 -0.943231 -0.249471 -0.126473 0
-4.03008 -0.943231 -0.249471 -0.12618 0
-4.03984 -0.940082 -0.428364 -0.0628774 0
-4.03984 -0.940082 -0.428364 -0.0628774 0
-4.03984 -0.940082 -0.428364 -0.0628774 0
-4.04186 -0.93881 -0.970553 -0.0220818 0
-4.00507 -0.943475 -1.06885 0.0659506 0
-3.96718 -0.908432 1.24145 0.174883 0
-3.9558 -0.829179 1.08139 0.194371 0
-3.95054 -0.820959 0.917135 0.191148 0
-3.95054 -0.820959 0.917135 0.189991 0
-3.9122 -0.775566 0.246186 0.199513 0
-3.9122 -0.775566 0.246186 0.199513 0
-3.86125 -0.746054 -0.138968 0.27088 0
-3.86125 -0.746054 -0.138968 0.27088 0
-3.83521 -0.750672 -0.193176 0.393411 0
-3.58036 -0.834064 -0.297682 0.549614 0
-3.56407 -0.839082 -0.300027 0.549738 0
-3.41579 -0.921586 -0.26175 0.75048 0
-3.41579 -0.921586 -0.26175 0.751077 0
-3.35854 -0.936547 -0.249127 0.833019 0
-3.31961 -0.946287 -0.240993 0.839525 0
-3.06433 -1.01163 -0.195243 0.845296 0
-2.85211 -1.04978 -0.162502 0.88787 0
-2.85211 -1.04978 -0.162502 0.888745 0
-2.83481 -1.06211 -0.155867 0.887154 0
-2.82113 -1.07555 -0.149531 0.882018 0
-2.76821 -1.0833 -0.141417 0.876689 0
-2.45116 -1.14174 -0.091141 0.863032 0
-2.27462 -1.15159 -0.0666904 0.862275 0
-2.19653 -1.15625 -0.0528728 0.833683 0
-2.19653 -1.15625 -0.0528728 0.833683 0
-2.1203 -1.15924 -0.0373978 0.80112 0
-2.1203 -1.15924 -0.0373978 0.80118 0
-2.07168 -1.16087 -0.0302336 0.782722 0
-1.93918 -1.15892 -0.00240002 0.752863 0
-1.93918 -1.15892 -0.00240002 0.75314 0
-1.86364 -1.15867 0.0090225 0.676792 0
-1.62547 -1.16059 0.0273684 0.657129 0
-1.62547 -1.16059 0.0273684 0.656827 0
-1.41141 -1.15071 0.0606827 0.575178 0
-1.41141 -1.15071 0.0606827 0.575039 0
-1.09244 -1.13362 0.0899507 0.45052 0
-1.08031 -1.13252 0.0917363 0.314786 0
-1.04109 -1.12907 0.0835297 0.295924 0
-1.04109 -1.12907 0.0835297 0.295924 0
-1.04109 -1.12907 0.0835297 0.295924 0
-1.02908 -1.12567 0.077117 0.286097 0
-1.02118 -1.12507 0.0745214 0.282053 0
-0.978751 -1.12231 0.0546358 0.278624 0
-0.978751 -1.12231 0.0546358 0.278821 0
-0.93993 -1.12063 0.0320643 0.277613 0
-0.93993 -1.12063 0.0320643 0.277364 0
-0.937139 -1.12054 0.0305613 0.279197 0
-0.85376 -1.12005 -0.0188725 0.282576 0
-0.842478 -1.1203 -0.0255283 0.281884 0
-0.748175 -1.13667 -0.113366 0.306815 0
-0.685617 -1.14505 -0.154213 0.014151 0
-0.601875 -1.14791 -0.162735 0.396691 0
-0.590133 -1.14985 -0.164591 0.397373 0
-0.559265 -1.15501 -0.165439 0.441817 0
-0.372546 -1.18351 -0.165305 0.457152 0
-0.344537 -1.18789 -0.165393 0.456663 0
-0.177688 -1.21507 -0.156955 0.51112 0
-0.191806 -1.21929 -0.153762 0.53355 0
-0.216752 -1.22569 -0.148992 0.539941 0
-0.216752 -1.22569 -0.148992 0.539663 0
-0.167329 -1.23302 -0.145122 0.550394 0
-0.150981 -1.2354 -0.143874 0.550338 0
-0.0901649 -1.24406 -0.138985 0.563625 0
-0.0901649 -1.24406 -0.138985 0.563559 0
-0.0901649 -1.24406 -0.138985 0.563559 0
0 0 0 0 0
0 0 0 0 0
0 0 0 0 0
0 0 0 0 0
0 0 0 0 0
0 0 0 0 0
-4.05107 -1.02243 1.2064 -0.125364 0
-4.23364 -0.541133 -0.786009 -1.21034 0
-4.4389 -0.266429 -1.21416 -0.000366731 0
-4.4389 -0.266429 -1.21447 -0.000106101 0
-4.4389 -0.266429 -1.2148 -0.000180901 0
-4.4389 -0.266429 -1.21508 0.000362694 0
-4.4389 -0.266429 -1.2154 -0.000224645 0
-4.4389 -0.266429 -1.21563 -0.000364632 0
-4.45843 -0.0796709 -1.93335 -0.71875 0
-4.21515 0.0677391 2.69563 -0.00036211 0
-4.21515 0.0677388 2.69525 2.24024e-05 0
-4.21515 0.0677389 2.69493 -0.000366105 0
-4.21515 0.067739 2.69463 5.71711e-05 0
-4.21515 0.067739 2.69427 -0.000213778 0
-4.21515 0.067739 2.69393 0.000296511 0
-4.21515 0.0677391 2.69366 -0.000364299 0
-4.21515 0.0677391 2.69331 8.65684e-05 0
-4.21515 0.0677391 2.69301 -0.000177914 0
-4.21515 0.067739 2.69261 -0.000307773 0
-4.21516 0.0677392 2.69245 -0.000354127 0
-4.1224 0.0228392 2.66287 0.0007635 0
-4.1224 0.0228392 2.66258 -2.50205e-05 0
-1.93672 -2.2662 0.755296 -0.00056623 0
-2.8575 -2.16261 -1.58938 -0.00865802 0
-2.66547 -2.30069 0.290868 -0.000185194 0
-2.66547 -2.30069 0.290409 0.000462756 0
-2.66547 -2.30069 0.290138 0.000415473 0
-4.82904 -4.55569 1.02868 -0.0155988 0
0 0 0 0.002448 0
0 0 0 0 0
0 0 0 0 0
0 0 0 0 0
0 0 0 0 0
0 0 0 0 0
-4.03393 -1.01673 2.08414 -0.0461811 0
-3.79564 -0.85658 -2.72332 -0.956753 0
-3.54368 -0.458374 -1.92037 -0.630626 0
-3.43823 -0.243578 -1.68439 0.0716885 0
-3.43823 -0.243578 -1.68439 0.0715857 0
-3.4988 -0.400184 -1.61234 2.62148e-05 0
-3.4988 -0.400186 -1.61259 -0.000359531 0
-3.4988 -0.400185 -1.61285 -0.000365933 0
-3.43244 -0.778784 -1.18489 9.79724e-05 0
-3.43244 -0.778784 -1.18516 0.000670886 0
-2.94521 -1.25841 -0.176833 0.00718853 0
-2.94525 -1.25841 -0.179879 -0.000355102 0
-2.94525 -1.25841 -0.180125 2.39392e-05 0
-2.94525 -1.25841 -0.180125 0.000612155 0
-2.35286 -1.4334 -0.260903 2.38139 0
-1.18663 -2.07293 -0.349777 2.30855 0
-0.178931 -2.74388 -0.234603 1.29418 0
0.354172 -2.83765 0.251461 -0.00036048 0
0.354172 -2.83765 0.251148 -0.000178809 0
0.354172 -2.83765 0.250841 -0.000183743 0
0.354172 -2.83765 0.250586 0.000631199 0
0.354172 -2.83765 0.250242 0.000461893 0
0.354172 -2.83765 0.249988 0.000305577 0
0.354172 -2.83765 0.249988 -0.000365942 0
0.538642 -2.79074 0.248312 1.6356 0
0.538642 -2.79074 0.248312 1.6356 0
1.44528 -2.41626 0.66385 0.0180337 0
1.44113 -2.41911 0.682447 4.66176e-05 0
1.44112 -2.41911 0.682147 0.000312307 0
1.44113 -2.41911 0.681728 4.99054e-05 0
0 0 0 6.17479e-05 0
0 0 0 0 0
0 0 0 0 0
0 0 0 0 0
0 0 0 0 0
0 0 0 0 0
0 0 0 0 0
0 0 0 0 0
0 0 0 0 0
0 0 0 0 0
0 0 0 0 0
0 0 0 0 0
0 0 0 0 0
0 0 0 0 0
0 0 0 0 0
0 0 0 0 0
0 0 0 0 0
0 0 0 0 0
0 0 0 0 0
0 0 0 0 0
0 0 0 0 0
0 0 0 0 0
0 0 0 0 0
0 0 0 0 0
0 0 0 0 0
0 0 0 0 0
0 0 0 0 0
0 0 0 0 0
0 0 0 0 0
0 0 0 0 0
0 0 0 0 0
0 0 0 0 0
0 0 0 0 0
0 0 0 0 0
0 0 0 0 0
0 0 0 0 0
0 0 0 0 0
0 0 0 0 0
0 0 0 0 0
0 0 0 0 0
0 0 0 0 0
0 0 0 0 0
0 0 0 0 0
0 0 0 0 0
0 0 0 0 0
0 0 0 0 0
0 0 0 0 0
0 0 0 0 0
0 0 0 0 0
0 0 0 0 0
0 0 0 0 0
0 0 0 0 0
0 0 0 0 0
0 0 0 0 0
0 0 0 0 0
0 0 0 0 0
0 0 0 0 0
0 0 0 0 0
0 0 0 0 0
0 0 0 0 0
0 0 0 0 0
0 0 0 0 0
0 0 0 0 0
0 0 0 0 0
0 0 0 0 0
0 0 0 0 0
0 0 0 0 0
0 0 0 0 0
0 0 0 0 0
0 0 0 0 0
0 0 0 0 0
0 0 0 0 0
0 0 0 0 0
0 0 0 0 0
0 0 0 0 0
0 0 0 0 0
0 0 0 0 0
0 0 0 0 0
0 0 0 0 0
0 0 0 0 0
-4.02769 -0.512387 0.000972698 -0.000184693 0
-4.02769 -0.512387 0.000918255 -0.000184063 0
-4.02769 -0.512387 0.000918255 -0.000365737 0
-3.99734 -0.474427 -0.40633 0.0024331 0
-4.0517 -0.46063 -2.24583 0.0502011 0
-4.04598 -0.476169 -2.24035 -8.95198e-05 0
-4.04598 -0.476169 -2.24062 -0.000196755 0
-4.05757 -0.40784 -0.904819 -0.00366261 0
-4.07007 -0.410633 -0.924274 -0.000365956 0
-4.07007 -0.410634 -0.924589 0.000350936 0
0 0 0 -0.000368367 0
0 0 0 0 0
0 0 0 0 0
0 0 0 0 0
0 0 0 0 0
-4.02769 -0.512387 0.000975335 -0.000181305 0
-4.02769 -0.512387 0.000718186 -0.000363498 0
-3.58787 -0.497774 -0.295169 0.744648 0
-3.24748 -0.676047 -0.751917 0.71927 0
-3.19074 -0.797765 -1.90035 0.010267 0
-3.16845 -0.855818 -0.354303 -0.000471649 0
-2.97146 -0.934268 -0.31893 0.305933 0
-2.64664 -1.02937 -0.241504 0.00242746 0
-2.09548 -1.18787 -0.218778 0.000207392 0
-1.20282 -1.42389 -0.202599 7.23453e-05 0
-0.249575 -1.6665 -0.198741 0.00569225 0
0.557508 -1.81119 -0.087824 0.00996958 0
1.07607 -1.77237 0.341318 -1.60945e-05 0
0 0 0 0.0505755 0
0 0 0 0 0
0 0 0 0 0
0 0 0 0 0
0 0 0 0 0
-3.96751 -0.544161 -2.18326 0.198529 0
-4.04412 -0.517779 -1.06233 0.0504026 0
-3.97908 -0.52266 0.188276 0.000499068 0
-4.00543 -0.567133 -2.47063 0.0804677 0
-3.93641 -0.525581 2.94901 0.000477679 0
-3.93641 -0.525581 2.94874 -0.000176508 0
-3.93641 -0.525581 2.94844 0.000633977 0
0 0 0 0.0504589 0
0 0 0 0 0
0 0 0 0 0
0 0 0 0 0
0 0 0 0 0
0 0 0 0 0
0 0 0 0 0
0 0 0 0 0
0 0 0 0 0
0 0 0 0 0
0 0 0 0 0
-4.02769 -0.512387 0.000991585 0.00031552 0
-3.45149 -0.441 -0.142641 1.10819 0
-2.87346 -0.638536 -0.485442 1.0053 0
-2.87395 -0.650959 0.0298218 -0.00140521 0
-2.85971 -0.6242 0.377919 0.0496462 0
-2.87179 -0.562373 -0.263432 0.0507603 0
-2.72057 -0.332856 -1.40477 0.00952671 0
-2.23637 -1.442 -0.759865 0.023923 0
0 0 0 2.53067 0
0 0 0 0 0
0 0 0 0 0
0 0 0 0 0
0 0 0 0 0
-4.02769 -0.512387 0.00104137 -0.00036464 0
-3.72071 -0.467606 -0.103595 0.991354 0
-3.14553 -0.611165 -0.429144 0.00332316 0
-2.76818 -0.838653 -0.725274 -0.000132131 0
-2.44005 -1.35907 -1.76423 0.0177599 0
-2.34918 -1.95083 -0.485363 0.0216449 0
-1.42642 -2.06801 -0.00847918 4.34706e-05 0
-0.445904 -2.05019 0.182278 0.0158023 0
0.66788 -1.71112 0.503035 1.95403 0
0.71054 -1.68953 -1.79353 -0.00255458 0
0.762962 -1.56409 2.77721 -0.00209281 0
0.834643 -1.35733 1.91867 0.000741101 0
0 0 0 0.956138 0
0 0 0 0 0
0 0 0 0 0
0 0 0 0 0
-4.02769 -0.512387 0.0010971 0.000563807 0
-4.02769 -0.512387 0.000857898 -0.000178818 0
-3.5023 -0.495223 -0.161095 1.10546 0
-3.04345 -0.611247 -0.495592 1.02199 0
-2.94621 -0.557113 2.37462 0.0496199 0
-2.97949 -0.547267 0.683335 -0.00267173 0
-3.01586 -0.499413 0.726432 0.000315421 0
-3.00218 -0.463415 -0.316109 -0.00123498 0
-3.00217 -0.463416 -0.317624 0.000302764 0
-2.90692 -0.524274 -0.287302 0.291086 0
-2.13606 -0.792712 -0.0436287 0.011655 0
-2.13612 -0.792709 -0.0434189 -0.000182464 0
-0.0747334 -1.17227 -0.320307 -0.00105739 0
0 0 0 4.33149 0
0 0 0 0 0
0 0 0 0 0
0 0 0 0 0
0 0 0 0 0
-4.02769 -0.512387 0.00103984 -0.00036591 0
-4.02769 -0.512387 0.000787874 0.000738593 0
-3.37219 -0.421539 -0.243261 0.0150477 0
-2.2217 -0.806656 -0.355909 2.14353 0
-2.15153 -1.03413 3.04695 0.00916966 0
-2.2215 -0.9977 -2.82929 0.0010885 0
-2.30871 -0.98155 2.53766 -0.00601195 0
-2.62487 -0.950125 -2.8615 0.000662798 0
-3.36529 -1.06127 2.96034 0.0102029 0
-4.67072 -0.637912 2.8954 0.0219592 0
-7.02281 0.153582 2.87126 0.0215964 0
-10.8613 3.01924 1.66948 0.012529 0
-8.84917 6.81892 1.02894 0.0275504 0
-8.84971 6.8943 2.77538 -0.00329725 0
-8.88893 6.8279 -0.14473 0.00991765 0
-4.15969 5.95885 -2.51968 0.00334422 0
-3.5494 5.01555 -2.02861 0.0006459 0
-7.1385 1.09198 2.69903 0.00229234 0
0 0 0 7.1002 0
0 0 0 0 0
0 0 0 0 0
0 0 0 0 0
0 0 0 0 0
0 0 0 0 0
-3.93122 -0.34469 2.90832 -0.00261268 0
-4.24148 -0.459674 -2.38378 0.0144032 0
-4.54415 -0.777231 -2.09789 0.0106285 0
-4.66003 -1.08977 -1.49852 0.637564 0
-4.54041 -1.17735 -0.69454 -0.00883441 0
-4.4393 -1.25983 2.70313 0.0118097 0
-3.55593 -1.3349 -3.07902 -0.0125193 0
-2.21856 -1.29237 -2.90506 -0.0130631 0
-0.866834 -0.860363 -2.79196 -2.46971 0
-2.50523 -1.23531 -2.85283 0.0258241 0
-3.81173 -1.7016 -2.83959 0.0111408 0
-3.79507 -1.73665 1.56444 0.00192137 0
-3.80332 -1.7541 2.69122 0.321043 0
-3.6513 -2.09524 1.62142 -2.30023 0
-3.6513 -2.09524 1.62142 -2.30023 0
0 0 0 -0.806537 0
0 0 0 0 0
0 0 0 0 0
0 0 0 0 0
0 0 0 0 0
-4.02769 -0.512387 0.000979826 8.40402e-05 0
-4.02769 -0.512387 0.000647548 3.48383e-05 0
-4.02769 -0.512387 0.000416279 -0.00018447 0
-4.02769 -0.512387 0.000198686 -0.000222669 0
-4.02769 -0.512387 0.000198686 0.000772641 0
-4.02769 -0.512387 -0.000117276 4.94102e-05 0
-4.02769 -0.512387 -0.000315587 5.46656e-05 0
-4.02769 -0.512387 -0.000596439 -5.73594e-05 0
-4.02769 -0.512387 -0.000889595 -0.000365067 0
-4.02769 -0.512387 -0.00109924 -0.000230376 0
-4.02769 -0.512387 -0.00109924 8.35857e-05 0
0 0 0 0 0
0 0 0 0 0
0 0 0 0 0
0 0 0 0 0
0 0 0 0.000363085 0
0 0 0 0 0
0 0 0 0 0
0 0 0 0 0
0 0 0 0 0
0 0 0 0 0
-4.02769 -0.512387 0.000994053 0.000357853 0
-4.02769 -0.512387 0.000697041 -0.000182289 0
-4.02769 -0.512387 0.000394501 -0.000365604 0
-4.02769 -0.512387 9.53638e-05 -0.00036184 0
-4.02769 -0.512387 -0.000179477 -0.000186348 0
-4.02769 -0.512387 -0.000445566 -0.00036109 0
-4.02769 -0.512387 -0.000757477 3.5017e-05 0
-4.02769 -0.512387 -0.00108861 4.92486e-05 0
0 0 0 0 0
0 0 0 0 0
0 0 0 0 0
-4.02769 -0.512387 0.00107818 -0.000178811 0
0 0 0 8.72367e-05 0
0 0 0 0 0
0 0 0 0 0
0 0 0 0 0
0 0 0 0 0
0 0 0 0 0
0 0 0 0 0
0 0 0 0 0
0 0 0 0 0
0 0 0 0 0
0 0 0 0 0
0 0 0 0 0
0 0 0 0 0
0 0 0 0 0
0 0 0 0 0
0 0 0 0 0
0 0 0 -0.000252991 0
0 0 0 0 0
0 0 0 0 0
0 0 0 0 0
0 0 0 0 0
-6.02769 -0.512387 0.00104102 0.000314849 0
0 0 0 -0.000359379 0
0 0 0 0 0
0 0 0 0 0
0 0 0 0 0
0 0 0 0 0
0 0 0 -0.0002236 0
0 0 0 0 0
0 0 0 0 0
0 0 0 0 0
0 0 0 0 0
-6.02769 -0.512387 0.00105174 -0.000235217 0
0 0 0 -0.000186019 0
0 0 0 0 0
0 0 0 0 0
0 0 0 0 0
0 0 0 0 0
-6.02768 -0.512387 0.0010644 5.96799e-05 0
-6.02768 -0.512387 0.000762725 -0.000181578 0
-6.02768 -0.512387 0.000556154 -0.000357388 0
-6.02768 -0.512387 0.000277989 -0.000183706 0
-6.02768 -0.512387 9.30235e-05 -0.00036156 0
-6.02768 -0.512387 -0.000197694 -0.000357486 0
-6.02768 -0.512387 -0.000477431 -0.000361594 0
-6.02768 -0.512387 -0.000821824 -0.000180957 0
-6.02768 -0.512387 -0.00113752 -0.000354976 0
-6.02769 -0.512387 -0.00140219 0.000665962 0
-6.02769 -0.512387 -0.00176163 -0.000185352 0
-6.02768 -0.512387 -0.00207793 -0.000366227 0
-6.02768 -0.512387 -0.00237693 0.0004621 0
0 0 0 0 0
0 0 0 0 0
0 0 0 0 0
0 0 0 0 0
0 0 0 0 0
-6.02769 -0.512387 0.000911815 -0.000198505 0
-6.02769 -0.512387 0.000586033 -0.000119838 0
-6.02769 -0.512387 0.000251458 0.000351225 0
-6.02769 -0.512387 -0.000100134 0.000363324 0
-6.02769 -0.512387 -0.000406056 0.000240146 0
-6.02769 -0.512387 -0.000710159 -0.000253407 0
-6.02769 -0.512387 -0.00103891 -0.000239207 0
-6.02769 -0.512387 -0.00136695 -0.000233413 0
-6.02769 -0.512387 -0.00165688 -0.000371975 0
-6.02769 -0.512387 -0.00198243 -0.000361715 0
-6.02769 -0.512387 -0.00221937 4.48451e-05 0
-6.02769 -0.512387 -0.00248604 -0.000184994 0
-6.02769 -0.512387 -0.00274756 0.000297555 0
-6.02769 -0.512387 -0.00306069 0.000290287 0
-6.02769 -0.512387 -0.00336706 -0.000367943 0
-6.02769 -0.512387 -0.00372587 -0.000350766 0
-6.02769 -0.512387 -0.0039651 0.000496569 0
-6.02769 -0.512387 -0.00424163 -0.000224352 0
-6.02769 -0.512387 -0.00453833 0.000433097 0
-6.02769 -0.512387 -0.00482106 -0.000365604 0
-6.02769 -0.512387 -0.00509761 -0.00036193 0
-6.02769 -0.512387 -0.00542968 0.000667938 0
-6.02769 -0.512387 -0.00563843 -0.000185469 0
-6.02769 -0.512387 -0.00593216 -0.000183548 0
-6.02769 -0.512387 -0.00627794 -0.000366045 0
-6.02769 -0.512387 -0.0066105 0.00046084 0
-6.02769 -0.512387 -0.00686692 -0.000179977 0
-6.02769 -0.512387 -0.00686692 -0.000230643 0
-6.02769 -0.512387 -0.007189 -7.91318e-05 0
0 0 0 2.26885e-05 0
0 0 0 0 0
0 0 0 0 0
0 0 0 0 0
0 0 0 0 0
-6.02769 -0.512387 0.00102322 0.000460395 0
0 0 0 0.000479079 0
0 0 0 0 0
0 0 0 0 0
0 0 0 0 0
0 0 0 0 0
-6.02769 -0.512387 -0.00097496 -0.000106066 0
0 0 0 -0.000357949 0
0 0 0 0 0
0 0 0 0 0
0 0 0 0 0
0 0 0 0 0
0 0 0 0.00038253 0
0 0 0 0 0
0 0 0 0 0
0 0 0 0 0
0 0 0 0 0
0 0 0 0 0
0 0 0 0 0
0 0 0 0 0
0 0 0 0 0
-6.02769 -0.512387 0.00105246 4.67644e-05 0
0 0 0 -2.50338e-05 0
0 0 0 0 0
0 0 0 0 0
0 0 0 0 0
-6.02769 -0.512387 0.00112511 7.74878e-05 0
0 0 0 3.50333e-05 0
0 0 0 0 0
0 0 0 0 0
0 0 0 0 0
0 0 0 0 0
0 0 0 0 0
0 0 0 -0.000185445 0
0 0 0 0 0
0 0 0 0 0
0 0 0 0 0
0 0 0 0 0
0 0 0 0 0
0 0 0 -0.000181324 0
0 0 0 0 0
0 0 0 0 0
0 0 0 0 0
0 0 0 0 0
-6.02769 -0.512387 0.000565441 5.03623e-05 0
0 0 0 0 0
0 0 0 0 0
0 0 0 0 0
0 0 0 0 0
-6.02769 -0.512387 0.000437795 -0.000355087 0
0 0 0 0 0
0 0 0 0 0
0 0 0 0 0
0 0 0 0 0
0 0 0 0 0
0 0 0 0 0
0 0 0 0 0
0 0 0 0 0
0 0 0 0 0
0 0 0 0 0
0 0 0 0 0
0 0 0 0 0
0 0 0 0.000280962 0
0 0 0 0 0
0 0 0 0 0
0 0 0 0 0
0 0 0 0 0
0 0 0 0 0
0 0 0 -0.000282523 0
0 0 0 0 0
0 0 0 0 0
0 0 0 0 0
-6.02769 -0.512387 0.00111862 -0.00022028 0
-6.02769 -0.512387 0.000848662 -0.000232734 0
-6.02769 -0.512387 0.000556954 -0.00018295 0
-6.02769 -0.512387 0.000285718 -0.000359573 0
-6.02769 -0.512387 -9.82953e-05 -8.51607e-05 0
-6.02769 -0.512387 -0.000389438 -5.20121e-05 0
-6.02769 -0.512387 -0.000669076 0.000257564 0
-6.02769 -0.512387 -0.000988792 0.000432931 0
-6.02769 -0.512387 -0.001275 -0.000204449 0
-6.02769 -0.512387 -0.00153476 -0.000352644 0
-6.02769 -0.512387 -0.00153643 -0.000177926 0
-6.02769 -0.512387 -0.00183397 0.000306985 0
-6.02769 -0.512387 -0.00216281 -0.00018192 0
-6.02769 -0.512387 -0.00240523 -0.00018063 0
-6.02769 -0.512387 -0.00273886 -0.000363768 0
-6.02769 -0.512387 -0.00307913 0.000365403 0
-6.02769 -0.512387 -0.00339206 -0.000223023 0
-6.02769 -0.512387 -0.0037039 -0.000178257 0
-6.02769 -0.512387 -0.0040964 0.000298007 0
-6.02769 -0.512387 -0.00435191 -0.000363906 0
0 0 0 -0.000255124 0
0 0 0 0 0
0 0 0 0 0
0 0 0 0 0
0 0 0 0 0
0 0 0 0 0
-6.0277 -0.512387 0.000951489 0.000492729 0
-6.0277 -0.512387 0.000719788 0.000734548 0
-6.0277 -0.512387 0.000442788 6.87423e-05 0
-6.0277 -0.512387 0.00027373 8.62562e-05 0
-6.0277 -0.512387 0.00027373 8.62562e-05 0
-6.02769 -0.512387 4.56288e-05 -0.000307354 0
-6.0277 -0.512387 -0.000272276 0.000631068 0
-6.0277 -0.512387 -0.000571938 -0.000361123 0
-6.0277 -0.512387 -0.000892972 0.00062907 0
0 0 0 0 0
0 0 0 0 0
0 0 0 0 0
0 0 0 0 0
-6.02769 -0.512387 0.00106989 -0.000106007 0
-6.02769 -0.512387 0.000798394 4.39457e-05 0
-6.02769 -0.512387 0.00051878 0.000363085 0
-6.02769 -0.512387 0.000232654 -0.000221665 0
-6.02769 -0.512387 0.000140215 6.42146e-05 0
-6.02769 -0.512387 -0.000121473 -0.000182867 0
-6.02769 -0.512387 -0.000443289 -0.000364536 0
-6.02769 -0.512387 -0.000759241 -0.000218827 0
-6.02769 -0.512387 -0.00104171 0.000659651 0
-6.02769 -0.512387 -0.00132844 -0.00018391 0
0 0 0 0.000341046 0
0 0 0 0 0
0 0 0 0 0
0 0 0 0 0
0 0 0 0 0
-6.02769 -0.512387 0.001021 -0.000358981 0
-6.02769 -0.512387 0.00101316 0.000433062 0
-6.02769 -0.512387 0.000729981 0.000495521 0
-6.02769 -0.512387 0.000457755 -0.000210971 0
-6.02769 -0.512387 0.000185568 -0.000365161 0
-6.02769 -0.512387 -0.000115078 -0.00036479 0
-6.02769 -0.512387 -0.000196651 -0.000189943 0
-6.02769 -0.512387 -0.000196651 -0.000365513 0
-6.02769 -0.512387 -0.000466851 0.000462489 0
-6.02769 -0.512387 -0.000740217 0.000315085 0
-6.02769 -0.512387 -0.00106838 0.000396076 0
0 0 0 5.29438e-05 0
